	UD_Afrikaans	UD_Ancient_Greek-PROIEL	UD_Arabic	UD_Arabic-NYUAD	UD_Basque	UD_Belarusian	UD_Bulgarian	UD_Buryat	UD_Cantonese	UD_Catalan	UD_Chinese	UD_Chinese-CFL	UD_Chinese-HK	UD_Chinese-PUD	UD_Croatian	UD_Czech	UD_Czech-CAC	UD_Czech-CLTT	UD_Czech-FicTree	UD_Czech-PUD	UD_Danish	UD_Dutch	UD_Dutch-LassySmall	UD_English	UD_English-LinES	UD_English-PUD	UD_English-ParTUT	UD_Estonian	UD_Finnish	UD_Finnish-PUD	UD_French	UD_French-FTB	UD_French-ParTUT	UD_French-Sequoia	UD_Galician-TreeGal	UD_German	UD_German-PUD	UD_Gothic	UD_Hebrew	UD_Hindi	UD_Hindi-PUD	UD_Hungarian	UD_Italian	UD_Italian-PUD	UD_Italian-ParTUT	UD_Italian-PoSTWITA	UD_Japanese	UD_Japanese-PUD	UD_Kazakh	UD_Kurmanji	UD_Latin-ITTB	UD_Latin-PROIEL	UD_Lithuanian	UD_Marathi	UD_Naija	UD_Norwegian-Nynorsk	UD_Norwegian-NynorskLIA	UD_OldFrench-SRCMF	UD_Old_Church_Slavonic	UD_Persian	UD_Polish	UD_Portuguese	UD_Portuguese-BR	UD_Romanian	UD_Romanian-Nonstandard	UD_Russian	UD_Russian-PUD	UD_Russian-SynTagRus	UD_Serbian	UD_Slovak	UD_Slovenian	UD_Slovenian-SST	UD_Spanish	UD_Spanish-AnCora	UD_Swedish	UD_Swedish-LinES	UD_Swedish-PUD	UD_Tamil	UD_Turkish	UD_Ukrainian	UD_Upper_Sorbian	UD_Urdu	UD_Uyghur
UD_Afrikaans	0.0	0.02624927074306571	0.6643007856017474	0.04735424393952892	0.4367263147289525	0.1355069824574604	0.1653613566786738	0.178275048700004	0.2202347043016014	0.08672429701389262	0.21614545526493645	0.23507685716190796	0.2008271165862886	0.2770262989146741	0.09883804086116044	0.08782858098614887	0.10047897240758108	0.15935117899102713	0.04392119205051315	0.12601162063169258	0.19068693004538406	0.05039040330726885	0.06287816540952096	0.23683125358212553	0.22730535906116933	0.24407866108744602	0.2394289369721112	0.27960840831101696	0.3403159597201819	0.3552476191476417	0.05802657146328605	0.08033625996238947	0.057841288739990615	0.0770255148282607	0.06291929120656359	0.026238473544152097	0.015152044213212368	0.2146403083632099	0.4205963347531835	0.1946446652740358	0.17893424062328744	0.25647943771838555	0.09641323408401892	0.1652715396001212	0.13929047319091026	0.067962251883386	0.172125677092835	0.172125677092835	0.17034341692002386	0.3938661729077916	0.16784438367000576	0.13355799003300484	0.12818031131093133	0.17687693455824094	0.2524635041560156	0.22577748002420583	0.1780599978749	0.028148581613983037	0.38297315504748586	0.33933150160040293	0.19645306280203867	0.0995790876745708	0.10202453949282675	0.09046829556113889	0.21076147885781704	0.17753110675558115	0.20692410469001166	0.15454835334096406	0.14277344677827553	0.04966256306655925	0.09275478803371462	0.07691148878325771	0.07910482531055563	0.051737507229182134	0.22964238888498245	0.23379865313971715	0.24466376289933767	0.17238672113708098	0.17513194058964365	0.0937305007906084	0.11489904000987838	0.1920937045763672	0.1720250074399654
UD_Ancient_Greek-PROIEL	0.02624927074306571	0.0	0.4596457321095804	0.1363911628019968	0.36037313337175136	0.20058988634203134	0.2402251396438121	0.14154535240734223	0.18133935669609913	0.18449472247422505	0.2881846631314743	0.1870756466913608	0.2194011106531153	0.3405720537048015	0.11260062660819758	0.14803604279341886	0.15594135600127557	0.23944656228491779	0.06377995272026005	0.19002871147908618	0.2636529850028515	0.12929441841897915	0.12997161324541273	0.3050203752387033	0.2975205358084264	0.3123250572101932	0.3083031773335997	0.3396087161708633	0.3989023849636246	0.4123010854689495	0.15653760525860816	0.17300550281206983	0.15671270985554453	0.17075343357278827	0.15996726292932661	0.0544820710690096	0.029101812033916263	0.09461144321410009	0.4974925648654851	0.1500892479975089	0.14056123742730264	0.22966891925509436	0.1862860208179825	0.24450330293599565	0.22239893273692513	0.16369384043797564	0.13802373291132863	0.13802373291132863	0.13619788176150138	0.27447856998380993	0.06626509704876149	0.04388944399520511	0.21300909513371957	0.14474882540309486	0.31959279926529716	0.2964845308821843	0.25538850933665613	0.1063022768454347	0.22315654074295344	0.42276421180188295	0.09227379571404704	0.18788961380112312	0.1909431149269818	0.19173167776934608	0.2637550286010525	0.24475294242980727	0.2802394760602481	0.22784943247951672	0.14178952341744255	0.04975441438451644	0.16603440652744705	0.16074552270971065	0.1804278376856152	0.14669224442154993	0.29971057069825113	0.3032527800960432	0.3128315796388824	0.13849649537815933	0.13849277982619201	0.11137224055088357	0.20185075674121689	0.14753459770035482	0.13830447944382784
UD_Arabic	0.6643007856017474	0.4596457321095804	0.0	0.9342856509914961	0.4154358016300933	0.9247239254780203	0.981056457701693	0.48529691230113703	0.5418954031307326	0.9768595703296096	0.9987626918326818	0.5093265145770522	0.7741574542552979	0.9958055590927691	0.6937811347643124	0.8757547429939047	0.8649285640479041	0.9981258667529583	0.6825735399551347	0.9147391461705525	0.988235795027789	0.9214208208492498	0.8860056251703861	0.9948504844981657	0.9977425467191066	0.9990407752498459	0.9989990496861066	0.9660776895684654	0.9909176834977234	0.9928295226124956	0.9954348271663302	0.9954683016873697	0.9961382646637975	0.996831137481529	0.9964245651650149	0.703824646961007	0.6346150735850219	0.15370281142364794	0.994284766368093	0.46675400746502493	0.4804619703050522	0.5858291943380228	0.9964587219664799	0.9982033555439661	0.997876061579683	0.9965965798013907	0.4924091372415019	0.4924091372415019	0.49135483301352156	0.20270591347423306	0.2019084801328812	0.2395094585929075	0.9977240687334007	0.5055719616139467	0.9991271321121091	0.9988423812068689	0.9982820672795643	0.894603236904395	0.054866958880331884	0.9911907544633022	0.23328615475689307	0.992687244631379	0.9966776356949021	0.9933233943131646	0.8167564929548563	0.9578044859705395	0.9986706079296632	0.9685830157462118	0.6587761388365099	0.6035618437991557	0.9303349982904565	0.9600763019172937	0.9927921389371474	0.9641047489495621	0.9984560831865886	0.9983695528641737	0.9990463368168321	0.4934092282791497	0.4843767647984021	0.7066999468650093	0.9975295942537676	0.46513002369172163	0.4939879175398272
UD_Arabic-NYUAD	0.04735424393952892	0.1363911628019968	0.9342856509914961	0.0	0.5278021086603069	0.17774502694884053	0.196859298493819	0.2737045475459774	0.3856426457431822	0.010303043641180731	0.25618411379665773	0.40654056232622393	0.31034650739577985	0.31718905317459734	0.20340922473884337	0.12963604396431538	0.1513257858491045	0.18238146220240437	0.12932075700341072	0.16853692355052663	0.22732380498365956	0.05212560630666141	0.08860130201824346	0.2836955349137572	0.27067756167928003	0.2912815644850846	0.28548228627231775	0.2941192995584805	0.35495186356089403	0.3724824107383491	0.021331824738699212	0.06812653157580217	0.019726501691833653	0.06170704209520583	0.034146460171771476	0.09513496309970915	0.09551232540613597	0.422059260463327	0.2830859396636415	0.30645074564691765	0.2785178116954018	0.3628212925316102	0.09359402219255974	0.19027287338347654	0.1551727194839827	0.04491606080052002	0.26371486494529117	0.26371486494529117	0.26212977934022874	0.5330733778876384	0.3466847761045265	0.30537977649005865	0.1397241248405534	0.2689426167909167	0.3016999046145701	0.2683582068613526	0.20712954987647658	0.014141971428312528	0.6131484028238279	0.20915558868747275	0.41550465239621803	0.10012802108222707	0.10206375565201764	0.010292214113911569	0.13941154096337527	0.22131436141855387	0.24444937096165775	0.1871319421775849	0.2705084562432013	0.15896456398109926	0.11598251050583264	0.07930295189443892	0.005166321468189183	0.0011459592650930883	0.27336727682469353	0.2786088723273398	0.29201019406340245	0.26367809203011927	0.27100163840400926	0.19281867267234976	0.12079052971936699	0.30362347567362324	0.2631943454786363
UD_Basque	0.4367263147289525	0.36037313337175136	0.4154358016300933	0.5278021086603069	0.0	0.7573033259151007	0.8048559282276874	0.08879534734992134	0.47294276445418637	0.5087041719404103	0.8601579361681692	0.42198343650333925	0.7443645878108576	0.6561378375743385	0.6365648851078415	0.6877524804912709	0.701003681573087	0.8015688879489069	0.5616772920118981	0.7448560941515846	0.8288335084406382	0.6298357820271594	0.6515051880764253	0.8781841855878069	0.8685077908898651	0.8859005214792373	0.8819598617157421	0.41788345461885523	0.4328439192567889	0.44116890305652623	0.6252952747810009	0.6907605464387168	0.6217087729926823	0.6836475004389453	0.6470045211460715	0.5368434683637038	0.4843565492926615	0.3096763967358519	0.47517170411772514	0.10061132366802061	0.09292702250154139	0.18095493127534568	0.7192973791574184	0.808559741920172	0.7785576392456313	0.6624398022258146	0.090183135495704	0.090183135495704	0.09094992840572058	0.1003452783387313	0.28140431775622343	0.29671802772083755	0.7646618055047152	0.09670955369564793	0.893775378250641	0.8679208973742107	0.817282526694157	0.5570992895621176	0.29841390862502437	0.4802659766039391	0.42008005630066536	0.7239903219174022	0.7262901770647935	0.5252212469459272	0.38669790764901735	0.8114772326987496	0.8515677115561868	0.7890633470332581	0.665945866523814	0.5316471388469388	0.7060319508127508	0.684490405619123	0.5306298777937554	0.5509804993715797	0.8704903425103323	0.871625678588801	0.8864178976463568	0.09013261305660725	0.09082174337355897	0.6362354619497312	0.746918220819033	0.10010004606976375	0.09048983427483515
UD_Belarusian	0.1355069824574604	0.20058988634203134	0.9247239254780203	0.17774502694884053	0.7573033259151007	0.0	0.002047211269452842	0.37942617068773155	0.13958045791176865	0.26446834233453576	0.010257033074689503	0.17362596873730052	0.030868905091891885	0.07616952748582306	0.027717737491039784	0.005486413135508128	0.003092774419126698	0.00270495980872254	0.04136162068341165	0.00018569486549191438	0.005169127998409739	0.03928206955114444	0.017442856588879785	0.01578294350096643	0.013057086948092822	0.017841377105735523	0.016440916077614887	0.19249461738173923	0.22964868669953076	0.23550664489892903	0.08479023998510604	0.031196727538283175	0.08828667209147056	0.03589026261895756	0.06375971865193086	0.04990147624852337	0.08114718608067661	0.45147938819949307	0.8068882128345916	0.366420171364373	0.3724755669256379	0.3131790616828478	0.017797894032554717	0.0028549067809423567	0.003713559567819491	0.050842449327972106	0.3767685576785518	0.3767685576785518	0.3754334389571501	0.8069612390815359	0.4353945414197924	0.3765546103030245	0.0054950787343209795	0.365057460887819	0.020496185132513722	0.012638222643496566	0.003774905802881756	0.09605280403675909	0.6784551866161888	0.6978395588063528	0.3022894637875535	0.014896212452102708	0.014570651158811065	0.26165139451405994	0.5701794141878899	0.0031267234593681525	0.008231907550570572	0.0010718223067957	0.04267000315565095	0.06275866830740395	0.00709688249704632	0.02174213455943752	0.2297395415732899	0.15835419345524027	0.013674052565520012	0.014839288704800113	0.018021296671967724	0.37683991579646137	0.37567926034425714	0.024648373159690373	0.009126759157408904	0.3664216493268023	0.37616388794344646
UD_Bulgarian	0.1653613566786738	0.2402251396438121	0.981056457701693	0.196859298493819	0.8048559282276874	0.002047211269452842	0.0	0.4190738264138646	0.1588367582361928	0.28463528262612303	0.004437049626879297	0.195225726491694	0.035801570711963104	0.07068435024768271	0.04267007966704783	0.013097456078832836	0.010050361850164169	0.0004975076102842202	0.06150914266798169	0.0032912308006416424	0.0012487624779597972	0.04999787247665444	0.027210119398455967	0.008974578804947009	0.00665583776922718	0.010488359432595074	0.009333793738179774	0.1955018353689144	0.22978485027054651	0.23488016989371474	0.09506241217231293	0.036519537697492055	0.09876668723413973	0.041693397445092595	0.07232946024207476	0.07106895335113306	0.10762197615461255	0.5046575827292834	0.8364823654768367	0.4047940305729153	0.4118214907222095	0.3395146381716937	0.021096005998967993	0.0002297742037840056	0.0030120822970722827	0.058237125729351025	0.41641715110132527	0.41641715110132527	0.4151608052522652	0.8680686565275849	0.489127954489878	0.4276664862963814	0.005705130193655483	0.4031688748695188	0.012705658162707634	0.006278202272473998	0.00030022215324077006	0.11289961724606112	0.7374652672985593	0.7265055691780108	0.34449191535444	0.01792623250409342	0.017261228654956384	0.28075263173750864	0.6065108273475477	0.0011383479847820732	0.002947416165639427	0.0002009504535729345	0.0567118868967067	0.08675984222632105	0.012435770757001197	0.02802961799611514	0.24768818795871694	0.17484610364681907	0.007118626334531308	0.008068187318614584	0.010637506425382637	0.4164384010300636	0.41534521592876106	0.03929601915388359	0.010520905282695336	0.40503244343184	0.41572429967442104
UD_Buryat	0.178275048700004	0.14154535240734223	0.48529691230113703	0.2737045475459774	0.08879534734992134	0.37942617068773155	0.4190738264138646	0.0	0.20447969852214243	0.29632893317689235	0.4667250391907253	0.17766347233917235	0.37916673177509175	0.3308938639870631	0.2911307883165106	0.3257319345430749	0.3349955467345509	0.4170790670290564	0.23741885177742061	0.36946138549800855	0.4394970214996232	0.2951494409283839	0.30230504297213157	0.4832850779334198	0.47449512861258325	0.490357706500577	0.48664033108714133	0.18973279243369034	0.21759578666885504	0.22668027714210404	0.3124407145354381	0.34142048427107274	0.31109635597005403	0.3378140719540129	0.3206804065590798	0.22176597164781442	0.19219370345818843	0.20256841469462872	0.5015752195667256	0.003326169236363863	0.0002055262347836484	0.04593823210008763	0.3583256099128672	0.42268636277927873	0.39928165452332776	0.3273963233900271	0.0001498758572876513	0.0001498758572876513	0.0001879812658320823	0.1878267832537961	0.17424642350219832	0.16199306617210008	0.3890321691413149	0.0004627680436577464	0.49773448824262523	0.4738784323245888	0.4299380255727271	0.2612646811281446	0.28855784288074104	0.45916248701425444	0.22786933778127205	0.36072998945010726	0.3624725775612859	0.30859202071284375	0.32715909276276245	0.42432348173146905	0.4590575539428876	0.4058933988856587	0.32010566285979913	0.22122552964604225	0.34196057766691523	0.3317245610266476	0.29918570164779656	0.28432643167178395	0.476338935281553	0.4777064978782445	0.4908443481939375	0.0001541133322646715	1.8765121008401664e-05	0.28980914414619896	0.3765237814219561	0.002919005065011193	0.00016089034055555285
UD_Cantonese	0.2202347043016014	0.18133935669609913	0.5418954031307326	0.3856426457431822	0.47294276445418637	0.13958045791176865	0.1588367582361928	0.20447969852214243	0.0	0.4881445221460904	0.15719792064833793	0.00269533362202401	0.06384489082582168	0.11118842149255304	0.0710752052000414	0.14053891827598886	0.12738970629727053	0.17030305657388378	0.10287330297700681	0.1389443849634392	0.1543574951469141	0.21634172113201477	0.16853069214712413	0.15350528055479795	0.15475680171748452	0.15515957701830807	0.15544571399640672	0.16648774568566294	0.18431077947616736	0.18421386519546867	0.3040504839420187	0.23313047726948766	0.30812662551641434	0.2404667567957255	0.27827356432342343	0.12859945034493292	0.13519626351445657	0.24784291227048705	0.9929783032098003	0.16861828534405698	0.19347789736592202	0.11587241116724822	0.21181762441601482	0.1683782305332323	0.1793852687391374	0.2613890584647087	0.20931929723733766	0.20931929723733766	0.20883356737263936	0.5463194951912447	0.2715655369932575	0.23549222034257777	0.18572805477055643	0.19562392054520605	0.15517669555899283	0.15565312970940315	0.16228512499950376	0.27838401278917413	0.3938978821392589	0.9034300306165441	0.12078646794367687	0.20528769110362466	0.20519110483024294	0.4942351365687683	0.7185022634313109	0.14357569477894128	0.158543418890029	0.15520983995776316	0.053791181870075366	0.08594403827193398	0.1677086362220389	0.2056297969910309	0.4589074630295962	0.3745639241848241	0.15475249477653163	0.1532759646234093	0.15513859117219297	0.20955990945580794	0.20220748543006317	0.07587767390795874	0.19504764553775233	0.17002379850126215	0.20925303331879608
UD_Catalan	0.08672429701389262	0.18449472247422505	0.9768595703296096	0.010303043641180731	0.5087041719404103	0.26446834233453576	0.28463528262612303	0.29632893317689235	0.4881445221460904	0.0	0.3525348466828946	0.5052315740559088	0.4197150038567733	0.40398589840888166	0.29693917534786707	0.2078007148175881	0.23456051874676065	0.2666224673638701	0.2060143416667981	0.25387083913734965	0.3197407455750819	0.10582221491713861	0.15573240579095127	0.3840619753640018	0.36908808610875854	0.3924331234239926	0.38588150130653787	0.3462753584459757	0.40800838717945276	0.4272653912205261	0.0556284639584087	0.12408113690592038	0.052834743737253276	0.11527091912904497	0.07586082140608408	0.162444547172942	0.1580183040461718	0.4755491784395457	0.19372785209928123	0.33877536490283366	0.3038790012170083	0.41264790580497757	0.15752910433793355	0.27597545794251044	0.234053514160816	0.09174806348095998	0.28493392661086714	0.28493392661086714	0.2834577952291796	0.5168496281144186	0.38799853236932325	0.3515752545663462	0.2152669598310042	0.29319372514157827	0.4041903722399487	0.36640319464795623	0.29567027305613836	0.04812553614187687	0.6519737295761028	0.13241609017514888	0.5004524381734126	0.16612910496274247	0.16831811992951962	0.00019485716535161401	0.08652054056017755	0.31430604794495487	0.33907926874645755	0.2737396041378535	0.37443491167675846	0.2390675852055596	0.18915537065210863	0.14093347005667078	0.0016176813028948578	0.015100047984163534	0.3721026402971014	0.37799399666559375	0.39325590668549704	0.2848226646789518	0.294118916150213	0.28459847163843544	0.19189623496816244	0.3355418611809382	0.28439044044673334
UD_Chinese	0.21614545526493645	0.2881846631314743	0.9987626918326818	0.25618411379665773	0.8601579361681692	0.010257033074689503	0.004437049626879297	0.4667250391907253	0.15719792064833793	0.3525348466828946	0.0	0.1950166650715841	0.028891463416155894	0.06458088783590044	0.05404767187387216	0.030611792718771014	0.02392526701586095	0.007081747730383392	0.08680757580925758	0.013183416084712962	0.0010195785379942812	0.0835900879662187	0.052716588268937326	0.0008402332563761661	0.0002384845489856735	0.0013148183668716396	0.0009243682478839998	0.2082272944981184	0.23690873743613816	0.239867266518609	0.1381717126079295	0.06527082931038342	0.14256569514595363	0.07205569119362187	0.11068791052940219	0.10263377190329892	0.14422072136620312	0.5430735561296817	0.9283950441559268	0.44579241147879667	0.45789391757133924	0.3626337113609104	0.04400931543452746	0.005552595846998187	0.01413927984574792	0.09321476291966568	0.465237389850535	0.465237389850535	0.4640882084119252	0.9324795330386402	0.5369328824681223	0.4741110000145019	0.01956446619776031	0.4494363556185452	0.0021773427644388166	0.00016609297964764735	0.0030017089631779736	0.16026785354712858	0.7752121684897126	0.8166884446591269	0.36380203845305537	0.03947606499578882	0.038388811623054186	0.34802938355368607	0.6947619011999947	0.002132116429738873	0.00015868926231865643	0.006297644101162292	0.05968038795881059	0.1112646453056142	0.03146280305145144	0.054360524590271964	0.3117690959036268	0.23103850771375334	0.00033108671197668027	0.0005777065415140115	0.001368472860400538	0.4652566718805199	0.46297853357410335	0.05178860790334361	0.027911827021331215	0.4465181858987547	0.46452607260063705
UD_Chinese-CFL	0.23507685716190796	0.1870756466913608	0.5093265145770522	0.40654056232622393	0.42198343650333925	0.17362596873730052	0.195225726491694	0.17766347233917235	0.00269533362202401	0.5052315740559088	0.1950166650715841	0.0	0.09176602428251679	0.12781606598245787	0.09620355600353103	0.1716131615936699	0.15868759759359086	0.2069005370598297	0.125269577708793	0.1725138804886852	0.1911435899349725	0.24530044473897084	0.19826684565941066	0.19147328211747172	0.19254465554281996	0.19332726268454659	0.1935842113370838	0.16286773051950798	0.17814677004235024	0.17778884017559093	0.332601204629807	0.2656269683362459	0.3363973271928339	0.27259767390543355	0.30829632642481386	0.1501914282889426	0.15279359134179182	0.2358111747708994	0.986432241125643	0.14159354101038468	0.16692739738461881	0.09204253759759151	0.24564101791667325	0.20517647548684637	0.2153634071698367	0.29235673273506835	0.1830585411198853	0.1830585411198853	0.18274749160815484	0.5057357226120791	0.26044883762718296	0.2280023785885399	0.22126833939722002	0.16964142491438372	0.19346252303673306	0.19349717964463375	0.19897737797060722	0.3026468061549996	0.3697721359890901	0.9024353138297452	0.11937910497711601	0.23927299323146833	0.239228825300986	0.5125514402430424	0.716915058378873	0.17960285028004375	0.19624027478223394	0.19091121582310222	0.07835289093141795	0.10506057863138374	0.2002879404814386	0.23761936545346352	0.47835901418146953	0.39724313333823047	0.1925585150840543	0.19090491709172053	0.19331178219521594	0.18328283467832263	0.17575802616742653	0.10137556439669082	0.22997195356942124	0.1431165559092723	0.18303160632781668
UD_Chinese-HK	0.2008271165862886	0.2194011106531153	0.7741574542552979	0.31034650739577985	0.7443645878108576	0.030868905091891885	0.035801570711963104	0.37916673177509175	0.06384489082582168	0.4197150038567733	0.028891463416155894	0.09176602428251679	0.0	0.07610442524533945	0.02077114067695318	0.04610581520452972	0.03426706115842182	0.044044478475087856	0.06049017125900935	0.03267324049672593	0.03037918089856384	0.12043818727480016	0.07595687015863495	0.025928202278043155	0.027248402686804285	0.026587643751064594	0.026801871438373426	0.21372235023817254	0.24117234134355114	0.24257492932461777	0.19827427084345361	0.11673904656691447	0.20316617313387286	0.12485126614365105	0.16828325280751688	0.08542976896673371	0.11313722056580411	0.3861271244099975	0.9989885255469682	0.3487034904547286	0.36822608010598257	0.2792770426932347	0.09193080699941003	0.04163999154755482	0.054324490216717036	0.14882556690801396	0.3805851221598687	0.3805851221598687	0.3794268673835407	0.7850887220607216	0.39885983259949953	0.3459901264994816	0.06163390983253636	0.36581318814888675	0.0264265572267941	0.0277064030617995	0.036879232430921505	0.1989237797741754	0.5863770600192875	0.8897856524293619	0.2168654806100745	0.08559642520866328	0.08506666362341209	0.4191502732044162	0.7288668571916983	0.025379214162981167	0.03030636547430743	0.03584034302296735	0.011444708631258793	0.06473827751427774	0.06106884065948004	0.09588211463418905	0.38115600096546187	0.2904709605279482	0.027201440800017407	0.02672157069534753	0.02656708697721577	0.38080743548139817	0.37548824513759615	0.022502776611576958	0.07237379593742999	0.3495595340491766	0.3802321028189154
UD_Chinese-PUD	0.2770262989146741	0.3405720537048015	0.9958055590927691	0.31718905317459734	0.6561378375743385	0.07616952748582306	0.07068435024768271	0.3308938639870631	0.11118842149255304	0.40398589840888166	0.06458088783590044	0.12781606598245787	0.07610442524533945	0.0	0.1173826435524069	0.09745387889521484	0.09039914039898578	0.07343349979309499	0.15092763811726329	0.07975689156389165	0.06426960186736141	0.1493062134625247	0.11881133087503704	0.06451265977381737	0.06334623094099923	0.06476523780068122	0.06470338303372714	0.056187325728812465	0.06402931011956525	0.06378403349664064	0.20368636659559536	0.13259675761959844	0.2074168276472439	0.13916201880697787	0.17709467673366408	0.16488025898692682	0.20526540642074065	0.5780636714604597	0.9434702376498663	0.30336285475006597	0.32196442309205553	0.18875230524520947	0.11157072111186095	0.07197321652218946	0.08120670578483868	0.16006387371647945	0.3322885445052819	0.3322885445052819	0.3323779022846659	0.8597110983681333	0.5744366116123798	0.5156154245171142	0.08684549023918187	0.31086714135097115	0.06551324189085894	0.06364700297945003	0.06623315375611716	0.22478953400567758	0.7917238596163373	0.8474043141644516	0.40589950612729186	0.10698958284652882	0.10493233758073217	0.40303655629677515	0.7325782234149463	0.06756255258386601	0.0652415654975711	0.07208943916640964	0.12083411923529008	0.17328086824048916	0.09870250563131389	0.12154004717789013	0.3653296654748146	0.2909024608333869	0.06315047881787195	0.0617493655216349	0.06479094167940658	0.33200250822353927	0.3290606411568596	0.11543574461205086	0.09538129219904257	0.3056955604715865	0.33137888791617554
UD_Croatian	0.09883804086116044	0.11260062660819758	0.6937811347643124	0.20340922473884337	0.6365648851078415	0.027717737491039784	0.04267007966704783	0.2911307883165106	0.0710752052000414	0.29693917534786707	0.05404767187387216	0.09620355600353103	0.02077114067695318	0.1173826435524069	0.0	0.022083484111163232	0.01698495568922831	0.04747672923481017	0.011390500820289362	0.025658172129299772	0.047030147375730746	0.06628929042166243	0.03650268288321412	0.058138914698851685	0.05634946577654365	0.061017567563389385	0.059723616701775395	0.22362336023262364	0.2647327327456205	0.2706495386408255	0.12786818448882953	0.07565502206153796	0.1314280698619852	0.0805759659597618	0.10767224920538376	0.025025980396028547	0.03891740410047273	0.2794395106201035	0.8208921463187907	0.27392372933886033	0.28324252393744387	0.25016584551630505	0.06267068126525255	0.0475453618596795	0.04870537773832462	0.09513208668287443	0.2903280323467591	0.2903280323467591	0.2888011014762063	0.6332310994935519	0.276109277923694	0.22867052542324584	0.050567449058296354	0.28211959627431715	0.06347414285110231	0.05622757909030163	0.048281285945532715	0.11517402035957514	0.47292361607712574	0.7157987772559538	0.15433038522130604	0.05891302469627602	0.059521244375658866	0.2980511091693373	0.5526249121956317	0.037976710889410126	0.05220849635073099	0.03892475913957838	0.005428770126201687	0.013154249692094555	0.03659124632351396	0.05811375466497415	0.2672463579260955	0.19171080280864983	0.057082276759869655	0.05813860208717725	0.061183909340404186	0.2906346406802137	0.2873177974032819	0.00019349221029119068	0.05424410890454734	0.27356254519556655	0.29012352622834114
UD_Czech	0.08782858098614887	0.14803604279341886	0.8757547429939047	0.12963604396431538	0.6877524804912709	0.005486413135508128	0.013097456078832836	0.3257319345430749	0.14053891827598886	0.2078007148175881	0.030611792718771014	0.1716131615936699	0.04610581520452972	0.09745387889521484	0.022083484111163232	0.0	0.0009269039120920475	0.012156455874649197	0.021242906739176726	0.00366281273195157	0.021069368102079933	0.018685841398616843	0.004120293603479874	0.03961328954269894	0.035314364683788346	0.042812349983336384	0.04066967392633858	0.1924149883555013	0.23543151429880027	0.24339947007206109	0.05636001220425646	0.01796819989783216	0.05913603770383591	0.021022175641340235	0.04044427593789246	0.02408667513323426	0.04754930187636075	0.39445195198954264	0.7180738498161844	0.31899778399353895	0.32031375745286195	0.2884539948150254	0.010646633758810808	0.01356522021947526	0.008603803851058078	0.03111663758698291	0.3221726044595751	0.3221726044595751	0.3207138334069004	0.7201373851059962	0.3708192948313177	0.31550927997509925	0.007623648869465871	0.31364833559599226	0.04677909917831613	0.03463220995227978	0.017099887116731605	0.05991016388985182	0.6152305163343474	0.6123810780408332	0.26933619637827	0.009030698444105756	0.009265045336091071	0.20617502176813152	0.48303681401691867	0.01684215326418248	0.026969938099104973	0.010077268041835952	0.044052505310049894	0.040518380671467846	0.001848949334649963	0.009932848131501859	0.17796239629582844	0.1146628589737364	0.036314912726350346	0.03816548109283102	0.04308491149504423	0.32227834241373876	0.32202769741311466	0.01837076563865947	0.007664196155438119	0.3184544939328975	0.3216483014471998
UD_Czech-CAC	0.10047897240758108	0.15594135600127557	0.8649285640479041	0.1513257858491045	0.701003681573087	0.003092774419126698	0.010050361850164169	0.3349955467345509	0.12738970629727053	0.23456051874676065	0.02392526701586095	0.15868759759359086	0.03426706115842182	0.09039914039898578	0.01698495568922831	0.0009269039120920475	0.0	0.010397022563210179	0.022284637125135842	0.0018444309723798513	0.01606583103682846	0.027872995152532498	0.00890100643213032	0.031211873574431004	0.027729466155851257	0.03402896559768298	0.03222365216546563	0.1939415462121339	0.2350819231940734	0.24215099515220095	0.0714225465189614	0.02629857953026582	0.0745398577472216	0.030127055369977618	0.05328171463355491	0.0283916117903783	0.052994604247902144	0.39357926757069395	0.7585518045767341	0.3248617327280917	0.3287431221016569	0.28823100377204014	0.01629722693726221	0.011238356688016093	0.008894690073269707	0.04237052060243385	0.33208008036185577	0.33208008036185577	0.33064274295688045	0.7336665980277237	0.3749986844498192	0.31949188267087647	0.009153243156564184	0.3225979127419384	0.03739811682656291	0.027203108475388427	0.0135985847556499	0.07508604040211087	0.6133024716909654	0.6514986763200359	0.26060826477154164	0.01398263668933919	0.014099555371585581	0.23294106130152048	0.517459987044168	0.01181684024663876	0.021015955958409882	0.00754495775648667	0.034582542013966044	0.0398436687005681	0.004474141478956972	0.016472956177826847	0.20312917033856126	0.135400456857228	0.02857922961597803	0.030117948579945986	0.03425938215384472	0.33220405025913846	0.331246872975708	0.013999708146124501	0.010801250348937863	0.3245068235237105	0.3315740035900171
UD_Czech-CLTT	0.15935117899102713	0.23944656228491779	0.9981258667529583	0.18238146220240437	0.8015688879489069	0.00270495980872254	0.0004975076102842202	0.4170790670290564	0.17030305657388378	0.2666224673638701	0.007081747730383392	0.2069005370598297	0.044044478475087856	0.07343349979309499	0.04747672923481017	0.012156455874649197	0.010397022563210179	0.0	0.06254540163433897	0.0036872030116436028	0.0029178182900339023	0.0433811550691775	0.02372784013679996	0.012760107067789406	0.009885244748912503	0.014477227779473911	0.013106362416710926	0.19310956756552766	0.2283531649483025	0.23400501306946553	0.08401996557868452	0.029674081386011575	0.08750436284738472	0.03434835171715589	0.06265880968698778	0.06981824283919158	0.10641166764272614	0.5130371652318219	0.8104400248154491	0.4051190191528522	0.4103954780464927	0.34232685062203994	0.01592423933020304	9.3399589072507e-05	0.0012142131394745626	0.04955148991203173	0.41394029846325275	0.41394029846325275	0.41268145468285566	0.8671698182857028	0.49376836967464277	0.43194806477201886	0.003123275476282661	0.4011335427963595	0.01707886574680051	0.009397063178409715	0.0009060539636169818	0.1028427775413584	0.7479019665022737	0.701200820842122	0.3568043627499128	0.013233196238207623	0.012599183845753092	0.262568690063517	0.5857831905018638	0.003136158648906928	0.00512381810139384	0.0004963954804984017	0.06468662024548455	0.08973816364570952	0.009853634343658602	0.022672553284942	0.2304685353156608	0.16063028972114557	0.01043722159159044	0.011584887535115329	0.014653429460730782	0.41393908845330907	0.4133856892691734	0.04350115303922042	0.006923816735126209	0.4052576256169932	0.413218046284865
UD_Czech-FicTree	0.04392119205051315	0.06377995272026005	0.6825735399551347	0.12932075700341072	0.5616772920118981	0.04136162068341165	0.06150914266798169	0.23741885177742061	0.10287330297700681	0.2060143416667981	0.08680757580925758	0.125269577708793	0.06049017125900935	0.15092763811726329	0.011390500820289362	0.021242906739176726	0.022284637125135842	0.06254540163433897	0.0	0.03672250384619191	0.07324857547965224	0.03775496939526801	0.022214213579871966	0.09682066817286117	0.0922663536072943	0.10126823524133399	0.09877063835771394	0.2238824737779045	0.27270291628726573	0.2819028741341718	0.08155352681098238	0.05403655248724493	0.08389119053978378	0.056199007467687356	0.06959913380689164	0.002903640598637347	0.008896773354746479	0.24442228139781508	0.6767012216881501	0.23162541063351605	0.2323482357486123	0.23634250659988176	0.05086203130708844	0.064657687061764	0.056375766353481516	0.06287917973831936	0.23468082418477076	0.23468082418477076	0.23303323366432283	0.5458802316280253	0.2255092583061934	0.18121080187338368	0.05375791859677581	0.23070096560020426	0.10585526974789905	0.09164310953465937	0.0696190473046403	0.06322689129841752	0.4346733488817074	0.5772970243819339	0.1529414716366303	0.04945195693347415	0.0506898578048981	0.20796041247876074	0.4232764326584276	0.06274152201678185	0.08234597387767262	0.05528745302234417	0.0306342941722777	0.0037334229865251256	0.0324008801814023	0.04122122640942527	0.18316982476334775	0.12273870419470279	0.09357275848551905	0.09573860147258106	0.10158489501946977	0.23497252098475663	0.23374953262047016	0.009650825305768551	0.05160947915992642	0.2305015108335008	0.23449673439982555
UD_Czech-PUD	0.12601162063169258	0.19002871147908618	0.9147391461705525	0.16853692355052663	0.7448560941515846	0.00018569486549191438	0.0032912308006416424	0.36946138549800855	0.1389443849634392	0.25387083913734965	0.013183416084712962	0.1725138804886852	0.03267324049672593	0.07975689156389165	0.025658172129299772	0.00366281273195157	0.0018444309723798513	0.0036872030116436028	0.03672250384619191	0.0	0.007294689568004831	0.03485674906597325	0.014250887020845426	0.01932645163957669	0.016326165052971242	0.021594243748427555	0.020060284702285824	0.19262636930587773	0.2309443901350331	0.23719326192084167	0.07909156148886021	0.028163037316651263	0.08246513554264756	0.03257048785103245	0.058956574633757475	0.044290102828659195	0.07408566687613471	0.43991044984667405	0.7909894946537936	0.3575620288969742	0.3627735706915244	0.3085884727496897	0.015836248702177924	0.004060291716061926	0.003884487602101916	0.04666863658649034	0.3666412686543513	0.3666412686543513	0.3652777645441917	0.7907237497776956	0.42253234783691873	0.36432532119110017	0.005176111587954835	0.3555272890901261	0.024483422735222526	0.015860469639329855	0.005456074191929061	0.08886632804245997	0.6658306419557858	0.6824258591151652	0.2949981225167909	0.013156614082075135	0.012938824656632875	0.25127195937545066	0.5541607293074255	0.0048171065367087484	0.010868737858388045	0.0019385165553466033	0.041824669476891896	0.05765967483032253	0.005384598584001865	0.01891115896525586	0.22000628203196848	0.14996298305975775	0.017013391058438798	0.01830657022355142	0.02179078150009839	0.3667211449824803	0.3657122115217728	0.022488709985497235	0.008171680925771474	0.35745897899532697	0.3660533171053584
UD_Danish	0.19068693004538406	0.2636529850028515	0.988235795027789	0.22732380498365956	0.8288335084406382	0.005169127998409739	0.0012487624779597972	0.4394970214996232	0.1543574951469141	0.3197407455750819	0.0010195785379942812	0.1911435899349725	0.03037918089856384	0.06426960186736141	0.047030147375730746	0.021069368102079933	0.01606583103682846	0.0029178182900339023	0.07324857547965224	0.007294689568004831	0.0	0.06661198785134603	0.039439539334537144	0.0035917834491226985	0.0021702337375938408	0.004565243661286855	0.003817070149356949	0.19771009911477666	0.22879965837064864	0.23272643429793327	0.11694901463938767	0.050730458877460194	0.12101535684233111	0.056765008220090896	0.09167600476316673	0.08614810581370058	0.1252743859428871	0.522695314942538	0.8848823811193663	0.4215205985421986	0.4313836488549767	0.3463572566213672	0.032197788623711365	0.001985101406662748	0.007847648030623433	0.075776250544065	0.43751659244808516	0.43751659244808516	0.4363334963650929	0.898847496245633	0.512230504607791	0.45006293796339636	0.011992050072325622	0.42282071915321395	0.006070596273493045	0.0019616687642735053	0.0006166134181635474	0.1368471765619761	0.7551369830092379	0.7740163938872546	0.35238077292643677	0.028292730721390713	0.027394709360397895	0.31561708417017575	0.652499340842864	0.00050985912230328	0.00040519318403064997	0.0022922799721429854	0.05655416573161054	0.09793576134303417	0.021324643297738755	0.040868424037924456	0.2807663953961329	0.20365052204291434	0.0024351048423199018	0.0029867782727683867	0.004663844055822874	0.4375335850669132	0.43578226252297714	0.04426932717528942	0.018685282039851425	0.422041489674586	0.4368122662436229
UD_Dutch	0.05039040330726885	0.12929441841897915	0.9214208208492498	0.05212560630666141	0.6298357820271594	0.03928206955114444	0.04999787247665444	0.2951494409283839	0.21634172113201477	0.10582221491713861	0.0835900879662187	0.24530044473897084	0.12043818727480016	0.1493062134625247	0.06628929042166243	0.018685841398616843	0.027872995152532498	0.0433811550691775	0.03775496939526801	0.03485674906597325	0.06661198785134603	0.0	0.005408451132872361	0.10007656191143255	0.0922106601843411	0.10494514522390275	0.10133514974961921	0.20242888586978902	0.25285571268002505	0.26466984007795724	0.010783967095861713	0.003610999521180158	0.01195702553883271	0.0031126722892501624	0.005269273424891696	0.02594462852453583	0.04331172883385992	0.4076110044523702	0.5423534713224498	0.30370848115350535	0.29358335548739434	0.3016844471932749	0.00853472836974789	0.04731425946893497	0.030681277155236164	0.003292961711353848	0.288841599402862	0.288841599402862	0.28732536494678473	0.6602186700100443	0.3620767902602309	0.30918348825881126	0.024145925310185	0.2848514282088894	0.11151167978470988	0.090852561857233	0.05602720254227411	0.013136099715487015	0.6273130035101417	0.44534479730413334	0.32128440604308595	0.010079690931575236	0.010851880889142795	0.10433709672569436	0.3391482229947468	0.062420647366194015	0.07673688994504069	0.04465041491678068	0.10721390365932992	0.06383080751514802	0.013170389874067268	0.0036122704416088336	0.08395792634284771	0.041949936973639246	0.09386880532645281	0.09706514998920057	0.10540102612244784	0.2888658018791157	0.2917431860113098	0.05946487012269386	0.016946583370597956	0.30233496501804424	0.28825469542219995
UD_Dutch-LassySmall	0.06287816540952096	0.12997161324541273	0.8860056251703861	0.08860130201824346	0.6515051880764253	0.017442856588879785	0.027210119398455967	0.30230504297213157	0.16853069214712413	0.15573240579095127	0.052716588268937326	0.19826684565941066	0.07595687015863495	0.11881133087503704	0.03650268288321412	0.004120293603479874	0.00890100643213032	0.02372784013679996	0.022214213579871966	0.014250887020845426	0.039439539334537144	0.005408451132872361	0.0	0.06530475925592305	0.05930488891640506	0.06936510284598307	0.06650931075535527	0.19337936820565282	0.24033082247216386	0.250189361104871	0.031118617013816796	0.007608420516011627	0.03313957734967832	0.008979540633394234	0.020161342618980616	0.018252480244198344	0.03808719361086499	0.38914344178947113	0.6324936787107409	0.3026724430219525	0.2986651241085454	0.2869719497952943	0.006162008105013439	0.026357155160319667	0.015761590041535656	0.014338824039670461	0.297499841566787	0.297499841566787	0.29600020913025704	0.6810794796085529	0.355438887717185	0.3015233201423724	0.012104636506152011	0.29125496058627554	0.07459763053782542	0.0583086566683666	0.03238625744489876	0.032968237611064155	0.6090466200867939	0.5306043497954482	0.2831429391185173	0.006017997366875694	0.00655365902324756	0.15436505309253856	0.4099787205859108	0.034878782277926956	0.04751717308777492	0.02291755334245027	0.06726995082552267	0.04393635439644128	0.003048822036824994	0.0030106708570831753	0.12980578941596965	0.07621230990751438	0.06063253485867115	0.06313095609639885	0.06972682179260414	0.2975770075781847	0.2987263391092577	0.0314257998429569	0.008661216674554661	0.30171473927087544	0.296960607291463
